# 2026-09-27 18:43:32 +0800 線上 Worker;opens_at=1790505831969(建立時 server_now + 20000)
# 每行:第幾次 | 回應的 server_now | server_now − opens_at(ms) | HTTP | error
1 | 1790505812465 | -19504 | 409 | not_on_sale
2 | 1790505813640 | -18329 | 409 | not_on_sale
3 | 1790505814781 | -17188 | 409 | not_on_sale
4 | 1790505815911 | -16058 | 409 | not_on_sale
5 | 1790505817071 | -14898 | 409 | not_on_sale
6 | 1790505818247 | -13722 | 409 | not_on_sale
7 | 1790505819373 | -12596 | 409 | not_on_sale
8 | 1790505820481 | -11488 | 409 | not_on_sale
9 | 1790505821606 | -10363 | 409 | not_on_sale
10 | 1790505822738 | -9231 | 409 | not_on_sale
11 | 1790505823868 | -8101 | 409 | not_on_sale
12 | 1790505825032 | -6937 | 409 | not_on_sale
13 | 1790505826183 | -5786 | 409 | not_on_sale
14 | 1790505827313 | -4656 | 409 | not_on_sale
15 | 1790505828453 | -3516 | 409 | not_on_sale
16 | 1790505829597 | -2372 | 409 | not_on_sale
17 | 1790505829712 | -2257 | 409 | not_on_sale
18 | 1790505829820 | -2149 | 409 | not_on_sale
19 | 1790505829931 | -2038 | 409 | not_on_sale
20 | 1790505830034 | -1935 | 409 | not_on_sale
21 | 1790505830144 | -1825 | 409 | not_on_sale
22 | 1790505830274 | -1695 | 409 | not_on_sale
23 | 1790505830399 | -1570 | 409 | not_on_sale
24 | 1790505830494 | -1475 | 409 | not_on_sale
25 | 1790505830608 | -1361 | 409 | not_on_sale
26 | 1790505830717 | -1252 | 409 | not_on_sale
27 | 1790505830829 | -1140 | 409 | not_on_sale
28 | 1790505830931 | -1038 | 409 | not_on_sale
29 | 1790505831040 | -929 | 409 | not_on_sale
30 | 1790505831154 | -815 | 409 | not_on_sale
31 | 1790505831271 | -698 | 409 | not_on_sale
32 | 1790505831404 | -565 | 409 | not_on_sale
33 | 1790505831505 | -464 | 409 | not_on_sale
34 | 1790505831614 | -355 | 409 | not_on_sale
35 | 1790505831718 | -251 | 409 | not_on_sale
36 | 1790505831815 | -154 | 409 | not_on_sale
37 | 1790505831911 | -58 | 409 | not_on_sale
38 | 1790505832008 | 39 | 201 | -
